
INPUTS:
        lambda_min = -0.78000000000000003
        lambda_max = 2.96

OUTPUTS:
        number of nodes = 32
        beta_min = 4.3778252601623535
        beta_max = 127.89432525634766
        transformation order = 28.496866153948236

G-L NODES:
        -0.924892071404048649648368680672032603
        -0.661658797549491984400972691049106061
        -0.35977211108370034128386584442076615
        -0.146885559920989186717106460496299618
        -0.0441939596988354046518162624236076375
        -0.00953783002585499799261504594941086161
        -0.00142146728669013399993998900577534691
        -0.000138697660924831927713249463383805326
        -8.21336643776923368494564941006050323e-06
        -2.64236272329533298045684602273098775e-07
        -3.90128613748486128764006625994986051e-09
        -2.01158896372229873913124678925834794e-11
        -2.23376229535904006134586970057927828e-14
        -2.00059692378031691338422449416353449e-18
        -1.13884557799890607107048475323088221e-24
        -0
        0
        1.13884557799890607107048475323088221e-24
        2.00059692378031691338422449416353449e-18
        2.23376229535904006134586970057927828e-14
        2.01158896372229873913124678925834794e-11
        3.90128613748486128764006625994986051e-09
        2.64236272329533298045684602273098775e-07
        8.21336643776923368494564941006050323e-06
        0.000138697660924831927713249463383805326
        0.00142146728669013399993998900577534691
        0.00953783002585499799261504594941086161
        0.0441939596988354046518162624236076375
        0.146885559920989186717106460496299618
        0.35977211108370034128386584442076615
        0.661658797549491984400972691049106061
        0.924892071404048649648368680672032603

G-L WEIGHTS:
        -0.185493710568085902783924445162290828
        -0.311336667268141934623735004392066055
        -0.269837509200862076879699070933731355
        -0.153451549713817377906461045949904164
        -0.0601872148238403786307245421441135163
        -0.016319416745721243990279314621443575
        -0.00299205331760330260256585967397957355
        -0.000355320009623718065448300347731478869
        -2.5538128367709518499640752383825481e-05
        -1.00183235384059641032542597053567518e-06
        -1.82721587285642303660064933932036687e-08
        -1.19248884211333640572144097340189239e-10
        -1.74879266562762769025520081203826984e-13
        -2.23586354313661296878831861992484691e-17
        -2.14838508311061613476239447662231037e-23
        -0
        0
        2.14838508311061613476239447662231037e-23
        2.23586354313661296878831861992484691e-17
        1.74879266562762769025520081203826984e-13
        1.19248884211333640572144097340189239e-10
        1.82721587285642303660064933932036687e-08
        1.00183235384059641032542597053567518e-06
        2.5538128367709518499640752383825481e-05
        0.000355320009623718065448300347731478869
        0.00299205331760330260256585967397957355
        0.016319416745721243990279314621443575
        0.0601872148238403786307245421441135163
        0.153451549713817377906461045949904164
        0.269837509200862076879699070933731355
        0.311336667268141934623735004392066055
        0.185493710568085902783924445162290828
